32889006.0
31710442.0
30492056.0
29242774.0
27977222.0
26706994.0
25436556.0
24173156.0
22926110.0
21703454.0
20512270.0
19361566.0
18257348.0
17206360.0
16212948.0
15280570.0
14411560.0
13606515.0
12864470.0
12184493.0
11563644.0
10998774.0
10485994.0
10021168.0
9600445.0
9219488.0
8874222.0
8560891.0
8276118.0
8016913.5
7779683.5
7562442.5
7362946.5
7178713.5
7008259.5
6850197.5
6703074.5
6565724.5
6437249.0
6316780.5
6203446.5
6096622.0
5995793.5
5900532.5
5810239.0
5724548.0
5643195.0
5565775.5
5492089.0
5421828.0
5354802.0
5290741.5
5229431.5
5170837.5
5114686.0
5060904.0
5009287.0
4959781.5
4912151.5
4866491.5
4822524.5
4780201.5
4739474.5
4700260.0
4662439.0
4625930.0
4590720.0
4556811.5
4523954.5
4492260.0
4461644.0
4432036.5
4403336.5
4375558.0
4348722.5
4322691.5
4297477.0
4272921.0
4249193.0
4226197.5
4203800.5
4182137.8
4161027.2
4140542.2
4120626.5
4101294.8
4082515.2
4064182.2
4046356.0
4029009.8
4012114.5
3995649.5
3979644.0
3964011.5
3948807.5
3933952.8
3919488.8
3905364.5
3891597.5
3878138.8
3864954.0
3852115.0
3839583.8
3827326.8
3815345.0
3803621.2
3792185.0
3781008.5
3770043.8
3759347.8
3748866.5
3738626.2
3728579.5
3718737.2
3709136.0
3699711.0
3690435.0
3681390.5
3672522.0
3663811.5
3655299.0
3646946.8
3638740.2
3630684.5
3622767.5
3615043.0
3607431.2
3599960.5
3592650.2
3585429.5
3578347.0
3571428.2
3564611.2
3557922.2
3551338.0
3544875.8
3538519.0
3532237.8
3526086.2
3520038.8
3514124.5
3508269.5
3502505.2
3496855.8
3491299.0
3485800.2
3480432.2
3475127.5
3469923.8
3464751.0
3459706.5
3454718.8
3449843.8
3445001.8
3440235.2
3435542.2
3430920.5
3426376.8
3421868.8
3417468.8
3413080.0
3408793.2
3404557.5
3400378.0
3396254.8
3392205.8
3388199.2
3384255.8
3380363.8
3376519.5
3372714.2
3368981.8
3365288.2
3361640.5
3358041.8
3354494.8
3350995.8
3347532.0
3344121.5
3340744.2
3337405.8
3334112.0
3330871.8
3327672.5
3324513.5
3321379.5
3318291.0
3315234.8
3312212.8
3309253.0
3306296.2
3303377.5
3300509.0
3297690.8
3294876.8
3292107.8
3289357.0
3286649.5
3283977.5
3281320.8
