32875878.0
31698016.0
30478602.0
29229696.0
27964130.0
26693624.0
25422512.0
24158080.0
22910328.0
21687004.0
20495094.0
19343518.0
18238770.0
17186898.0
16192759.0
15259744.0
14390209.0
13584380.0
12841681.0
12161270.0
11539780.0
10974041.0
10460784.0
9995407.0
9574054.0
9192615.0
8846803.0
8533037.0
8247779.0
7987901.5
7750258.0
7532681.0
7332460.0
7147740.0
6976924.0
6818403.5
6670855.5
6533051.5
6404172.5
6283238.5
6169494.0
6062299.0
5961121.5
5865428.5
5774844.0
5688852.0
5607148.5
5529336.0
5455346.0
5384742.0
5317387.5
5253012.0
5191447.0
5132592.5
5076130.5
5022105.5
4970234.5
4920472.0
4872628.5
4826687.0
4782502.0
4739894.0
4698962.5
4659517.5
4621526.5
4584836.5
4549461.5
4515325.0
4482285.0
4450358.0
4419522.5
4389720.5
4360891.0
4333021.5
4305936.5
4279739.0
4254311.0
4229703.5
4205804.5
4182624.8
4160118.8
4138258.5
4117065.5
4096458.8
4076400.5
4056911.5
4037979.5
4019520.0
4001610.0
3984127.5
3967091.8
3950519.8
3934381.0
3918639.0
3903299.5
3888322.0
3873755.2
3859547.8
3845673.8
3832069.2
3818844.8
3805903.5
3793251.0
3780898.5
3768813.2
3756994.2
3745483.2
3734207.2
3723140.2
3712356.8
3701783.8
3691450.8
3681333.5
3671432.5
3661716.8
3652178.8
3642877.0
3633751.8
3624786.0
3615988.8
3607379.8
3598930.5
3590654.8
3582555.0
3574571.0
3566798.5
3559109.5
3551563.8
3544161.8
3536878.2
3529769.5
3522747.0
3515862.8
3509102.0
3502446.5
3495912.0
3489500.5
3483161.2
3476959.0
3470842.5
3464848.8
3458917.2
3453135.5
3447419.0
3441795.8
3436260.0
3430843.5
3425477.8
3420194.0
3415000.8
3409873.5
3404822.2
3399850.8
3394968.5
3390138.8
3385412.8
3380720.0
3376120.0
3371585.2
3367121.8
3362702.5
3358346.8
3354068.0
3349845.0
3345687.8
3341589.2
3337502.0
3333528.2
3329573.2
3325669.2
3321820.8
3318053.8
3314311.0
3310628.8
3306992.0
3303397.2
3299829.2
3296332.5
3292868.2
3289467.8
3286089.2
3282752.0
3279456.2
3276214.5
3273008.2
3269841.0
3266696.5
3263624.0
3260572.5
3257543.2
3254584.5
3251627.8
3248724.8
3245834.2
3242999.8
3240199.8
3237419.0
3234676.8
3231957.5
3229266.2
