39267270.0
38618704.0
37999510.0
37326336.0
36629264.0
35882664.0
35097524.0
34270020.0
33403358.0
32495746.0
31549622.0
30568708.0
29556392.0
28517142.0
27456500.0
26381612.0
25298286.0
24214652.0
23138982.0
22077526.0
21038650.0
20028780.0
19054834.0
18121418.0
17232838.0
16392871.0
15603477.0
14864954.0
14177946.0
13541318.0
12953406.0
12411898.0
11914032.0
11456882.0
11037473.0
10652294.0
10298566.0
9973034.0
9672890.0
9395546.0
9138949.0
8900707.0
8678948.0
8472249.0
8278684.5
8097265.0
7926726.5
7766197.5
7614566.5
7471128.0
7335355.0
7206345.5
7083757.0
6967117.5
6855963.0
6749811.0
6648571.0
6551636.0
6458883.0
6370056.5
6284923.0
6203254.5
6124896.0
6049553.0
5977170.5
5907459.5
5840448.0
5775913.0
5713681.0
5653723.0
5595935.0
5540089.5
5486196.0
5434130.0
5383886.5
5335209.5
5288146.0
5242614.0
5198569.5
5155882.0
5114510.5
5074384.5
5035521.0
4997864.5
4961250.0
4925763.0
4891313.5
4857862.0
4825365.0
4793792.5
4763026.0
4733103.5
4704030.0
4675718.0
4648199.5
4621393.5
4595282.5
4569856.0
4545055.5
4520863.0
4497269.0
4474278.0
4451886.0
4430006.0
4408669.0
4387834.0
4367444.0
4347565.0
4328124.0
4309170.5
4290632.5
4272496.5
4254786.5
4237417.0
4220406.0
4203805.5
4187563.0
4171642.8
4156070.8
4140854.8
4125927.2
4111302.2
4096935.0
4082858.2
4069091.8
4055585.8
4042330.5
4029323.5
4016580.2
4004087.2
3991804.0
3979775.2
3967929.8
3956345.5
3944948.2
3933767.8
3922774.8
3911966.5
3901371.2
3890947.8
3880714.8
3870678.2
3860799.8
3851108.2
3841527.5
3832126.2
3822893.8
3813824.8
3804863.8
3796050.0
3787393.8
3778863.0
3770482.8
3762217.2
3754113.5
3746102.0
3738241.8
3730463.0
3722830.5
3715305.8
3707903.2
3700575.2
3693379.5
3686274.8
3679302.5
3672420.2
3665610.8
3658924.5
3652309.0
3645810.5
3639386.8
3633060.0
3626812.2
3620667.2
3614585.2
3608579.2
3602649.2
3596827.0
3591082.0
3585400.2
3579792.8
3574262.8
3568799.8
3563389.5
3558060.8
3552785.8
3547593.0
3542463.2
3537413.8
3532401.2
3527469.8
3522570.2
3517745.8
3512982.8
3508290.8
3503650.0
3499051.2
3494505.5
3490003.0
3485564.5
