32876026.0
31694696.0
30476048.0
29225776.0
27960434.0
26689022.0
25417712.0
24153242.0
22905138.0
21682118.0
20490212.0
19338612.0
18233886.0
17182358.0
16188416.0
15255662.0
14386291.0
13580589.0
12838410.0
12157918.0
11536705.0
10971363.0
10458300.0
9993171.0
9572088.0
9190692.0
8845097.0
8531536.0
8246499.5
7986700.5
7749250.0
7531673.5
7331655.5
7147123.5
6976466.5
6818076.0
6670574.0
6532980.0
6404183.5
6283321.0
6169742.0
6062661.5
5961622.0
5866054.5
5775553.5
5689600.5
5607994.0
5530342.5
5456421.0
5385920.0
5318643.5
5254349.5
5192916.5
5134111.5
5077794.0
5023800.5
4972013.0
4922266.0
4874532.5
4828702.5
4784547.5
4742109.0
4701201.0
4661816.0
4623851.5
4587213.0
4551889.5
4517828.5
4484827.0
4452980.0
4422207.0
4392479.5
4363663.0
4335777.5
4308811.0
4282638.5
4257254.5
4232657.0
4208807.0
4185646.8
4163165.5
4141407.5
4120219.2
4099620.0
4079591.8
4060138.5
4041238.2
4022826.8
4004900.8
3987447.0
3970493.8
3953956.8
3937811.0
3922137.5
3906802.5
3891884.5
3877339.0
3863166.2
3849295.2
3835720.8
3822471.0
3809558.0
3796923.0
3784587.0
3772519.5
3760756.8
3749227.8
3737953.0
3726920.8
3716158.5
3705591.0
3695304.2
3685190.5
3675295.8
3665591.8
3656096.5
3646796.2
3637666.5
3628716.5
3619972.8
3611383.0
3602968.0
3594697.5
3586611.8
3578641.0
3570821.8
3563165.0
3555646.0
3548251.2
3540997.2
3533874.0
3526876.8
3519980.8
3513249.5
3506606.8
3500077.0
3493666.0
3487341.0
3481150.8
3475066.5
3469070.2
3463171.2
3457361.5
3451654.5
3446069.0
3440529.2
3435083.2
3429732.2
3424464.8
3419269.2
3414166.5
3409129.2
3404162.8
3399292.2
3394490.5
3389759.2
3385067.5
3380467.0
3375946.0
3371496.5
3367070.5
3362726.8
3358444.5
3354233.0
3350061.5
3345994.0
3341937.8
3337945.2
3333999.2
3330112.8
3326257.8
3322478.8
3318753.5
3315075.5
3311453.5
3307875.5
3304332.2
3300836.8
3297376.8
3293964.0
3290598.8
3287294.0
3284002.0
3280760.8
3277563.2
3274402.0
3271265.2
3268176.5
3265122.2
3262119.0
3259135.8
3256198.5
3253295.2
3250406.0
3247566.8
3244769.0
3241991.8
3239256.0
3236537.2
3233843.0
