39267260.0
38617940.0
38000250.0
37327416.0
36631190.0
35886084.0
35100730.0
34274172.0
33406336.0
32499122.0
31553548.0
30572768.0
29560882.0
28521876.0
27461482.0
26386300.0
25302732.0
24219246.0
23143294.0
22081548.0
21042292.0
20032298.0
19057752.0
18123882.0
17235354.0
16394871.0
15604977.0
14866065.0
14178808.0
13542034.0
12953543.0
12411805.0
11913786.0
11456372.0
11036782.0
10651442.0
10297466.0
9971752.0
9671640.0
9394202.0
9137394.0
8899079.0
8677342.0
8470394.0
8276945.5
8095468.0
7924856.0
7764169.5
7612595.5
7469114.0
7333191.5
7204217.0
7081613.0
6964778.5
6853598.0
6747564.5
6646150.5
6549166.5
6456445.0
6367576.0
6282371.5
6200699.0
6122191.0
6046875.5
5974422.0
5904816.5
5837690.0
5773044.0
5710822.0
5650853.0
5593023.5
5537179.5
5483262.0
5431155.5
5380802.0
5332141.0
5285066.5
5239484.0
5195432.5
5152669.5
5111308.5
5071172.5
5032315.5
4994561.0
4957974.5
4922475.5
4887996.5
4854467.5
4821980.0
4790390.5
4759627.5
4729689.0
4700543.0
4672272.5
4644695.5
4617861.5
4591729.0
4566295.0
4541431.5
4517239.5
4493675.5
4470659.0
4448265.0
4426364.5
4404975.5
4384131.0
4363766.0
4343864.5
4324426.5
4305403.5
4286852.5
4268730.5
4250971.0
4233594.0
4216583.0
4199969.0
4183701.5
4167777.8
4152215.0
4136951.5
4122022.5
4107382.2
4093007.5
4078955.2
4065138.0
4051613.8
4038393.8
4025399.8
4012627.8
4000094.8
3987816.0
3975761.2
3963936.8
3952309.0
3940909.8
3929715.0
3918691.0
3907920.8
3897303.5
3886861.0
3876633.0
3866557.5
3856682.2
3846969.2
3837387.0
3828011.8
3818737.2
3809649.8
3800695.8
3791880.5
3783205.0
3774687.8
3766262.5
3758007.5
3749897.2
3741893.0
3734004.5
3726251.2
3718593.2
3711026.2
3703606.8
3696308.8
3689087.5
3682004.0
3675002.8
3668112.5
3661314.5
3654595.5
3648021.8
3641513.0
3635065.5
3628715.2
3622466.0
3616309.2
3610220.2
3604226.0
3598295.0
3592446.8
3586679.5
3580982.5
3575383.5
3569831.5
3564323.8
3558949.5
3553606.5
3548336.0
3543139.2
3538000.0
3532917.5
3527884.8
3522943.0
3518057.2
3513243.5
3508477.5
3503776.2
3499117.5
3494524.2
3489965.5
3485472.5
3481050.2
