39258730.0
38611600.0
37992716.0
37319748.0
36623990.0
35878324.0
35092950.0
34266860.0
33400130.0
32494100.0
31547662.0
30569060.0
29557570.0
28519334.0
27460412.0
26386598.0
25304452.0
24222584.0
23148024.0
22088580.0
21051162.0
20043120.0
19070488.0
18138586.0
17251636.0
16412895.0
15624435.0
14887184.0
14201490.0
13565755.0
12978764.0
12437984.0
11940864.0
11484385.0
11065408.0
10680793.0
10327436.0
10002249.0
9702520.0
9425608.0
9169219.0
8931291.0
8709764.0
8503216.0
8309963.0
8128824.5
7958445.5
7798112.0
7646646.0
7503389.5
7367741.5
7238959.5
7116630.0
7000064.5
6889117.0
6783228.0
6681962.0
6585275.0
6492721.0
6404051.5
6319045.0
6237517.5
6159342.0
6084144.5
6011897.5
5942452.0
5875548.0
5811096.0
5749021.0
5689220.0
5631552.0
5575835.0
5522126.0
5470194.0
5420025.0
5371515.0
5324567.0
5279187.5
5235244.0
5192700.0
5151429.5
5111467.0
5072704.0
5035127.0
4998681.5
4963303.5
4928978.0
4895585.0
4863220.0
4831757.0
4801094.5
4771332.0
4742317.5
4714073.5
4686711.5
4660013.5
4633964.5
4608608.0
4583874.0
4559824.0
4536298.0
4513464.0
4491152.0
4469355.0
4448073.5
4427331.0
4407057.0
4387254.0
4367920.5
4349011.5
4330518.0
4312498.0
4294832.5
4277550.0
4260653.0
4244146.5
4227954.5
4212081.0
4196613.5
4181453.0
4166599.2
4152019.2
4137715.5
4123728.0
4110029.2
4096603.2
4083418.5
4070513.8
4057815.0
4045389.0
4033156.2
4021176.5
4009393.2
3997886.2
3986574.0
3975440.2
3964503.0
3953784.0
3943215.0
3932847.5
3922688.8
3912686.2
3902880.0
3893258.5
3883750.5
3874385.2
3865174.5
3856161.8
3847238.2
3838517.2
3829928.2
3821438.0
3813098.0
3804890.0
3796821.0
3788865.8
3781058.8
3773342.5
3765754.0
3758278.0
3750905.8
3743649.5
3736512.8
3729461.5
3722490.0
3715671.5
3708936.5
3702270.8
3695720.8
3689245.5
3682869.5
3676588.2
3670399.2
3664295.5
3658250.0
3652308.0
3646433.8
3640646.5
3634905.2
3629260.5
3623714.8
3618217.5
3612791.8
3607421.2
3602124.8
3596931.5
3591777.0
3586680.8
3581642.8
3576687.5
3571780.8
3566947.2
3562155.8
3557429.2
3552784.8
3548172.5
3543616.0
3539095.8
3534617.0
3530237.8
