39272788.0
38627376.0
38008510.0
37335092.0
36639740.0
35894292.0
35109770.0
34283870.0
33416702.0
32510136.0
31564688.0
30584692.0
29572958.0
28534334.0
27474392.0
26399432.0
25316252.0
24232600.0
23156716.0
22095286.0
21055808.0
20045764.0
19070756.0
18136596.0
17247454.0
16406646.0
15616074.0
14876814.0
14188952.0
13551255.0
12962404.0
12419908.0
11921329.0
11463466.0
11043286.0
10657531.0
10303001.0
9976876.0
9676226.0
9398505.0
9141404.0
8902745.0
8680635.0
8473465.0
8279691.5
8098016.5
7927223.5
7766369.0
7614571.0
7470956.5
7334806.0
7205725.5
7082951.0
6966130.0
6854777.5
6748606.5
6647019.5
6550045.0
6457209.5
6368306.5
6283029.5
6201316.0
6122838.0
6047420.5
5974933.5
5905210.5
5838075.5
5773497.0
5711156.5
5651197.0
5593308.0
5537411.0
5483462.5
5431379.0
5380980.0
5332349.0
5285264.0
5239603.5
5195588.0
5152836.0
5111460.5
5071274.0
5032412.5
4994728.5
4958086.0
4922565.0
4888094.0
4854617.5
4822108.5
4790491.0
4759703.0
4729772.0
4700660.0
4672345.5
4644806.0
4617970.0
4591834.5
4566364.5
4541584.0
4517388.5
4493778.0
4470804.5
4448359.0
4426452.0
4405094.0
4384234.5
4363883.5
4343983.0
4324542.0
4305580.5
4287007.0
4268901.5
4251116.5
4233743.5
4216793.0
4200155.5
4183885.5
4167959.8
4152407.2
4137153.5
4122192.0
4107520.8
4093202.8
4079123.0
4065323.8
4051840.2
4038580.2
4025577.5
4012824.2
4000317.2
3988029.2
3975991.8
3964150.0
3952547.0
3941147.2
3929964.2
3918957.2
3908146.5
3897526.0
3887123.2
3876890.8
3866848.0
3856949.2
3847245.8
3837677.2
3828280.5
3819030.2
3809928.8
3800993.2
3792187.0
3783515.0
3774975.0
3766564.8
3758327.5
3750197.8
3742173.2
3734317.0
3726564.5
3718920.8
3711373.8
3703965.2
3696646.5
3689450.8
3682345.8
3675337.5
3668457.2
3661649.2
3654937.0
3648328.2
3641825.5
3635416.2
3629086.0
3622827.2
3616660.8
3610584.5
3604603.2
3598673.0
3592829.2
3587057.0
3581373.8
3575762.8
3570222.8
3564755.0
3559353.0
3554021.8
3548734.0
3543543.0
3538421.0
3533333.8
3528299.5
3523364.5
3518481.2
3513658.0
3508907.5
3504197.0
3499544.5
3494929.2
3490403.0
3485905.2
3481467.2
