32876128.0
31694094.0
30477858.0
29228520.0
27963376.0
26692316.0
25421470.0
24157286.0
22909534.0
21686192.0
20494532.0
19342536.0
18237962.0
17185984.0
16191798.0
15258789.0
14388803.0
13582871.0
12840023.0
12159497.0
11537801.0
10972200.0
10458672.0
9993154.0
9571725.0
9190050.0
8844283.0
8530424.0
8245118.0
7985004.0
7747406.0
7529704.0
7329506.5
7144810.5
6973962.0
6815435.0
6667849.5
6530163.0
6401232.0
6280286.0
6166591.5
6059417.0
5958272.0
5862631.5
5772057.0
5686117.5
5604438.5
5526749.0
5452750.5
5382212.5
5314873.5
5250567.0
5189092.5
5130272.5
5073875.0
5019858.0
4968038.5
4918305.5
4870558.5
4824611.5
4780479.5
4738036.0
4697077.0
4657646.5
4619695.0
4583056.0
4547720.5
4513584.0
4480650.5
4448766.0
4417958.0
4388211.5
4359402.5
4331524.5
4304492.0
4278311.0
4252927.0
4228326.5
4204475.5
4181305.8
4158830.2
4136983.2
4115819.2
4095238.2
4075211.0
4055730.5
4036837.8
4018430.8
4000494.0
3983036.8
3966044.8
3949500.0
3933349.2
3917627.0
3902309.0
3887377.8
3872810.8
3858625.0
3844718.8
3831161.8
3817946.0
3805012.0
3792349.5
3780007.5
3767963.5
3756156.2
3744628.5
3733366.5
3722329.8
3711536.5
3701001.2
3690662.5
3680562.5
3670683.8
3660982.0
3651438.0
3642143.2
3633012.5
3624064.2
3615301.5
3606691.5
3598273.2
3589997.2
3581877.5
3573909.0
3566103.5
3558431.5
3550896.8
3543504.5
3536242.2
3529124.0
3522128.2
3515258.8
3508487.8
3501855.5
3495307.2
3488865.0
3482549.2
3476340.8
3470242.2
3464243.2
3458329.2
3452527.2
3446823.2
3441218.8
3435680.2
3430246.5
3424881.8
3419608.0
3414401.2
3409296.8
3404259.8
3399294.8
3394402.0
3389576.2
3384855.8
3380186.2
3375564.8
3371045.2
3366561.8
3362161.0
3357803.5
3353524.0
3349317.5
3345134.5
3341027.2
3336974.8
3332974.0
3329009.8
3325128.0
3321293.0
3317492.2
3313762.5
3310093.0
3306453.2
3302878.8
3299313.5
3295821.8
3292354.0
3288918.5
3285559.0
3282238.5
3278953.0
3275703.5
3272494.2
3269322.8
3266194.5
3263110.5
3260063.2
3257038.0
3254061.0
3251102.5
3248187.2
3245331.0
3242493.8
3239673.0
3236897.8
3234145.2
3231419.5
3228732.0
