9.553223
9.199543
8.840504
8.476888
8.1099
7.7411246
7.3724604
7.00606
6.644242
6.2893944
5.9438825
5.6099463
5.2896156
4.984626
4.696366
4.425835
4.173633
3.9399672
3.72468
3.527294
3.34707
3.1830623
3.0341828
2.8992567
2.7770758
2.666437
2.5661774
2.4751995
2.3924842
2.3171015
2.2482145
2.1850753
2.1270247
2.073482
2.0239422
1.9779639
1.9351656
1.895215
1.8578238
1.8227428
1.7897538
1.7586673
1.7293171
1.7015568
1.6752577
1.6503057
1.6265993
1.6040474
1.5825685
1.5620896
1.5425433
1.52387
1.506014
1.4889258
1.4725584
1.4568703
1.4418215
1.4273767
1.4135016
1.4001658
1.3873402
1.3749977
1.3631139
1.3516649
1.3406286
1.3299851
1.3197151
1.3098007
1.3002245
1.2909712
1.2820255
1.2733732
1.2650013
1.2568974
1.2490494
1.2414463
1.2340775
1.226933
1.220003
1.2132794
1.206753
1.2004158
1.1942607
1.1882799
1.1824667
1.1768146
1.1713172
1.1659689
1.1607636
1.1556963
1.1507618
1.1459551
1.1412715
1.136707
1.1322566
1.127917
1.1236839
1.1195538
1.115523
1.1115882
1.1077462
1.1039938
1.1003281
1.0967462
1.0932453
1.089823
1.0864768
1.0832039
1.0800025
1.0768701
1.0738045
1.0708039
1.0678661
1.0649893
1.0621718
1.0594116
1.0567073
1.054057
1.0514593
1.0489128
1.0464159
1.043967
1.0415653
1.0392089
1.036897
1.0346283
1.0324013
1.0302155
1.0280693
1.0259615
1.0238918
1.0218587
1.0198615
1.0178989
1.0159703
1.0140749
1.0122119
1.0103804
1.0085794
1.0068085
1.0050668
1.0033536
1.0016683
1.0000101
0.99837875
0.996773
0.99519277
0.9936372
0.99210596
0.99059814
0.98911357
0.9876515
0.98621154
0.98479325
0.9833959
0.9820194
0.980663
0.9793263
0.97800916
0.97671086
0.97543126
0.97416955
0.9729257
0.9716995
0.9704902
0.9692976
0.9681214
0.9669613
0.96581686
0.9646878
0.9635739
0.9624748
0.9613904
0.96032006
0.95926374
0.958221
0.957192
0.956176
0.95517296
0.9541826
0.9532048
0.95223916
0.95128554
0.9503438
0.9494137
0.9484948
0.9475871
0.94669044
0.94580454
0.94492924
0.9440645
0.9432097
0.9423652
0.9415305
0.94070554
0.9398901
0.939084
0.9382871
0.9374995
0.9367206
