9.552147
9.198318
8.839144
8.4754095
8.108322
7.7394576
7.3707232
7.00427
6.642414
6.2875447
5.942026
5.6080976
5.287786
4.9828253
4.694603
4.4241166
4.1719627
3.938348
3.7231128
3.52578
3.3456078
3.181649
3.032817
2.8979359
2.7757971
2.665198
2.5649765
2.474034
2.3913524
2.3160026
2.2471466
2.184038
2.1260161
2.0725029
2.0229912
1.977041
1.93427
1.8943465
1.8569822
1.8219277
1.7889646
1.7579037
1.7285787
1.7008433
1.6745687
1.6496407
1.6259574
1.6034285
1.5819719
1.5615141
1.5419892
1.5233364
1.5055004
1.4884317
1.4720833
1.4564133
1.4413823
1.4269544
1.4130958
1.3997759
1.3869656
1.3746383
1.3627689
1.3513336
1.340311
1.3296806
1.3194232
1.3095205
1.2999561
1.2907139
1.2817792
1.2731375
1.2647756
1.2566814
1.2488427
1.2412486
1.2338884
1.2267523
1.2198308
1.2131147
1.2065959
1.2002662
1.1941179
1.188144
1.1823372
1.1766915
1.1712003
1.1658576
1.160658
1.1555963
1.150667
1.1458654
1.141187
1.1366271
1.1321815
1.1278462
1.1236175
1.1194915
1.1154649
1.111534
1.1076958
1.103947
1.1002848
1.0967063
1.0932089
1.0897897
1.0864465
1.083177
1.0799782
1.0768486
1.0737859
1.0707879
1.0678527
1.0649784
1.0621632
1.0594057
1.0567034
1.0540555
1.05146
1.0489154
1.0464206
1.0439738
1.0415739
1.0392195
1.0369093
1.0346425
1.0324173
1.030233
1.0280885
1.0259824
1.0239141
1.0218825
1.0198866
1.0179255
1.0159984
1.0141044
1.0122427
1.0104122
1.0086128
1.006843
1.0051025
1.0033904
1.0017064
1.0000495
0.9984189
0.99681425
0.995235
0.9936805
0.9921501
0.9906433
0.9891596
0.98769844
0.9862595
0.984842
0.9834456
0.9820698
0.98071426
0.97937846
0.97806203
0.9767645
0.97548544
0.97422475
0.97298163
0.971756
0.9705475
0.9693555
0.9681799
0.9670204
0.9658767
0.96474826
0.9636349
0.9625365
0.9614525
0.96038276
0.9593271
0.9582851
0.9572563
0.95624095
0.9552384
0.9542486
0.95327127
0.9523061
0.9513531
0.9504118
0.94948196
0.9485635
0.94765645
0.9467603
0.9458747
0.9449998
0.94413537
0.9432812
0.942437
0.94160265
0.940778
0.939963
0.9391573
0.93836075
0.9375734
0.93679494
