11.373062
11.200196
11.017587
10.8244915
10.620296
10.404521
10.176855
9.937174
9.685564
9.422342
9.148079
8.863609
8.570033
8.26872
7.961284
7.6495647
7.3355813
7.021484
6.709491
6.401823
6.100627
5.80791
5.5254765
5.2548714
4.9973426
4.753818
4.5248966
4.3108587
4.1116934
3.9271264
3.7566679
3.5996559
3.455304
3.3227437
3.201066
3.0893514
2.9867017
2.892254
2.8051996
2.7247915
2.650347
2.5812516
2.5169542
2.4569654
2.4008536
2.348237
2.2987816
2.252193
2.208214
2.1666176
2.1272044
2.0897985
2.0542436
2.020402
1.9881493
1.9573752
1.9279801
1.8998744
1.8729757
1.847211
1.8225116
1.798816
1.776067
1.7542114
1.7332008
1.7129902
1.6935375
1.6748035
1.6567519
1.6393485
1.6225616
1.6063614
1.5907198
1.5756102
1.5610083
1.5468905
1.5332351
1.5200212
1.5072293
1.494841
1.4828387
1.4712061
1.4599277
1.4489883
1.438374
1.4280717
1.4180688
1.408353
1.3989129
1.3897378
1.3808179
1.3721427
1.3637031
1.3554902
1.3474956
1.3397114
1.3321294
1.3247428
1.317544
1.310527
1.3036848
1.2970119
1.2905016
1.2841489
1.2779484
1.2718949
1.2659832
1.2602093
1.2545681
1.2490553
1.243667
1.2383991
1.2332479
1.2282097
1.2232807
1.2184579
1.2137376
1.2091174
1.2045935
1.2001634
1.1958244
1.1915736
1.1874088
1.1833271
1.1793262
1.175404
1.171558
1.1677864
1.1640867
1.1604574
1.1568962
1.1534014
1.149971
1.1466038
1.1432977
1.1400512
1.1368626
1.1337308
1.130654
1.127631
1.1246599
1.12174
1.1188699
1.1160482
1.1132737
1.1105455
1.1078622
1.105223
1.1026266
1.100072
1.0975583
1.0950847
1.0926499
1.0902534
1.087894
1.0855708
1.0832834
1.0810307
1.078812
1.0766265
1.0744736
1.0723525
1.0702624
1.0682027
1.066173
1.0641723
1.0622002
1.0602559
1.058339
1.056449
1.0545853
1.0527471
1.0509343
1.0491459
1.047382
1.0456415
1.0439245
1.0422301
1.0405582
1.0389082
1.0372795
1.035672
1.034085
1.0325185
1.0309719
1.0294446
1.0279365
1.0264475
1.0249767
1.023524
1.0220891
1.0206718
1.0192715
1.0178883
1.0165215
1.015171
1.0138365
1.0125177
1.0112141
1.0099261
