11.37313
11.200446
11.018006
10.825071
10.621028
10.405396
10.177864
9.938306
9.686808
9.423686
9.149511
8.865115
8.571598
8.270328
7.9629183
7.651209
7.3372188
7.0230985
6.7110667
6.4033446
6.1020827
5.80929
5.5267735
5.2560787
4.998459
4.7548423
4.5258293
4.311706
4.112458
3.9278164
3.7572896
3.6002173
3.4558115
3.3232055
3.2014878
3.0897403
2.987062
2.8925908
2.8055165
2.7250922
2.650634
2.581527
2.5172193
2.4572222
2.4011023
2.3484788
2.2990167
2.252422
2.2084372
2.166835
2.1274164
2.090005
2.0544446
2.0205972
1.9883391
1.9575595
1.9281589
1.9000478
1.8731438
1.8473736
1.8226693
1.7989686
1.7762142
1.7543541
1.7333387
1.7131234
1.6936662
1.6749278
1.6568719
1.6394644
1.6226739
1.6064695
1.590824
1.5757108
1.5611055
1.5469843
1.5333256
1.5201083
1.5073134
1.4949222
1.4829168
1.4712815
1.4600003
1.4490583
1.4384415
1.4281367
1.4181311
1.4084129
1.398971
1.3897939
1.3808715
1.3721943
1.3637528
1.355538
1.3475417
1.3397555
1.3321717
1.3247834
1.3175832
1.3105644
1.3037208
1.2970462
1.2905345
1.2841805
1.2779785
1.2719238
1.266011
1.2602355
1.2545931
1.249079
1.2436898
1.2384206
1.2332684
1.2282289
1.2232989
1.218475
1.2137539
1.2091324
1.2046077
1.200177
1.1958369
1.1915854
1.1874195
1.183337
1.1793352
1.1754122
1.1715654
1.1677928
1.1640928
1.1604626
1.1569006
1.1534051
1.1499742
1.1466062
1.1432995
1.1400523
1.136863
1.1337305
1.1306531
1.1276293
1.1246576
1.1217372
1.1188664
1.1160442
1.1132692
1.1105405
1.1078566
1.1052169
1.1026199
1.1000648
1.0975505
1.0950763
1.0926411
1.0902439
1.0878841
1.0855606
1.0832726
1.0810194
1.0788002
1.0766143
1.0744609
1.0723392
1.0702487
1.0681887
1.0661583
1.0641572
1.0621846
1.0602399
1.0583227
1.0564321
1.0545679
1.0527294
1.0509161
1.0491273
1.047363
1.0456221
1.0439047
1.0422099
1.0405375
1.0388869
1.0372579
1.03565
1.0340626
1.0324957
1.0309486
1.029421
1.0279125
1.0264229
1.0249518
1.0234987
1.0220635
1.0206456
1.0192451
1.0178614
1.0164943
1.0151433
1.0138084
1.0124891
1.0111853
1.0098968
