9.552493
9.198921
8.839977
8.476444
8.109528
7.7408085
7.372192
7.0058284
6.644036
6.2892046
5.9437
5.6097617
5.2894197
4.984412
4.6961265
4.425565
4.173328
3.939623
3.724295
3.526868
3.3466024
3.1825533
3.0336344
2.898672
2.7764564
2.6657863
2.5654993
2.4744968
2.3917603
2.3163602
2.2474585
2.1843088
2.1262496
2.0727024
2.02316
1.9771817
1.9343854
1.8944387
1.8570534
1.8219795
1.7889993
1.7579226
1.7285832
1.700835
1.6745483
1.6496094
1.6259166
1.6033787
1.5819142
1.5614493
1.5419179
1.5232593
1.5054184
1.4883449
1.4719925
1.4563187
1.4412845
1.4268539
1.4129931
1.3996712
1.3868592
1.3745303
1.3626595
1.3512231
1.3401998
1.3295689
1.3193107
1.3094081
1.2998433
1.2906011
1.2816662
1.2730247
1.2646632
1.256569
1.2487308
1.2411371
1.2337775
1.2266419
1.2197207
1.2130054
1.2064872
1.200158
1.1940104
1.1880369
1.182231
1.1765858
1.1710951
1.1657534
1.1605543
1.1554931
1.1505647
1.1457638
1.1410856
1.1365265
1.1320814
1.1277467
1.1235187
1.1193932
1.1153669
1.1114366
1.1075988
1.1038506
1.1001889
1.0966108
1.0931138
1.0896952
1.0863522
1.083083
1.0798848
1.0767555
1.073693
1.0706953
1.0677605
1.0648865
1.0620716
1.0593141
1.0566124
1.0539644
1.0513692
1.0488249
1.0463301
1.0438836
1.0414836
1.0391295
1.0368195
1.0345527
1.0323277
1.0301435
1.0279989
1.025893
1.0238249
1.0217932
1.0197974
1.0178366
1.0159093
1.0140152
1.0121535
1.0103233
1.0085237
1.0067539
1.0050133
1.0033014
1.0016172
0.99996
0.9983296
0.99672496
0.99514556
0.99359107
0.9920606
0.99055386
0.98907
0.9876088
0.98616964
0.98475206
0.9833556
0.98197967
0.980624
0.9792881
0.9779715
0.976674
0.9753948
0.97413385
0.97289073
0.97166497
0.9704561
0.96926415
0.96808857
0.9669288
0.96578497
0.9646564
0.963543
0.9624444
0.9613603
0.9602903
0.9592344
0.9581922
0.9571634
0.9561479
0.9551451
0.95415527
0.9531777
0.95221233
0.9512593
0.9503177
0.9493879
0.9484693
0.9475619
0.94666547
0.94578
0.9449049
0.9440403
0.9431859
0.9423416
0.9415071
0.9406823
0.9398671
0.93906116
0.93826455
0.937477
0.93669844
