11.369663
11.196933
11.014447
10.8214655
10.61738
10.401717
10.174166
9.934606
9.683124
9.420045
9.145942
8.861646
8.568264
8.267162
7.959956
7.6484833
7.334761
7.0209365
6.7092237
6.4018383
6.1009235
5.808482
5.5263133
5.2559576
4.9986596
4.7553434
4.526606
4.3127284
4.1136975
3.92924
3.758868
3.6019204
3.4576132
3.3250813
3.2034156
3.0917025
2.9890428
2.8945775
2.8074996
2.7270634
2.6525877
2.583459
2.5191274
2.459104
2.402958
2.3503084
2.3008204
2.2542014
2.2101927
2.1685686
2.1291292
2.0916984
2.0561209
2.0222573
1.9899845
1.9591913
1.9297787
1.9016566
1.8747431
1.8489639
1.8242515
1.8005435
1.7777828
1.7559166
1.7348963
1.7146763
1.6952147
1.6764727
1.6584133
1.6410028
1.6242092
1.6080025
1.5923547
1.5772394
1.562632
1.548509
1.5348483
1.5216298
1.5088332
1.4964405
1.484434
1.4727974
1.4615148
1.4505714
1.4399534
1.4296474
1.4196409
1.4099214
1.4004781
1.3912997
1.3823762
1.3736978
1.365255
1.357039
1.349041
1.3412535
1.3336685
1.3262788
1.319077
1.3120569
1.3052118
1.2985355
1.2920223
1.2856668
1.2794632
1.2734067
1.2674923
1.2617152
1.2560711
1.2505555
1.2451643
1.2398936
1.2347394
1.2296982
1.2247665
1.2199407
1.2152177
1.2105944
1.2060678
1.2016349
1.197293
1.1930397
1.1888719
1.1847873
1.1807837
1.1768587
1.1730101
1.1692356
1.1655333
1.1619011
1.1583371
1.1548396
1.1514069
1.1480367
1.1447281
1.1414789
1.1382879
1.1351532
1.1320738
1.1290478
1.1260743
1.1231518
1.1202792
1.1174549
1.1146779
1.1119472
1.1092614
1.1066196
1.1040208
1.1014637
1.0989476
1.0964713
1.0940342
1.0916351
1.0892733
1.0869479
1.0846581
1.0824031
1.0801821
1.0779942
1.0758389
1.0737153
1.0716232
1.0695611
1.067529
1.0655262
1.0635518
1.0616053
1.0596863
1.0577941
1.055928
1.0540878
1.0522728
1.0504824
1.0487162
1.0469737
1.0452546
1.0435582
1.0418841
1.040232
1.0386013
1.0369918
1.0354029
1.0338342
1.0322855
1.0307562
1.0292463
1.0277553
1.0262827
1.024828
1.0233911
1.0219721
1.0205698
1.0191847
1.0178161
1.0164636
1.0151273
1.0138067
1.0125016
1.0112115
