11.37524
11.202602
11.020229
10.827379
10.623433
10.407913
10.180505
9.941079
9.689718
9.426738
9.152704
8.868444
8.575059
8.27391
7.9666066
7.6549845
7.3410625
7.026986
6.714974
6.4072456
6.10595
5.8130984
5.5304976
5.2596974
5.00195
4.7581887
4.5290194
4.314728
4.1153073
3.9304886
3.7597845
3.6025374
3.457962
3.3251915
3.2033176
3.0914223
2.9886048
2.8940032
2.8068082
2.7262714
2.65171
2.5825071
2.5181115
2.4580333
2.4018395
2.349148
2.2996233
2.2529714
2.2089338
2.1672833
2.1278203
2.0903683
2.0547707
2.0208888
1.9885993
1.9577907
1.9283636
1.9002278
1.8733015
1.8475109
1.8227876
1.7990694
1.7762994
1.7544242
1.7333957
1.7131679
1.6936995
1.674951
1.6568855
1.6394694
1.6226707
1.6064591
1.5908071
1.575688
1.561077
1.5469512
1.5332876
1.5200667
1.5072678
1.4948733
1.4828655
1.4712273
1.4599438
1.4489998
1.4383812
1.4280747
1.4180682
1.4083488
1.3989056
1.3897277
1.3808048
1.372127
1.3636854
1.3554703
1.3474736
1.3396876
1.332104
1.3247157
1.3175157
1.3104974
1.3036541
1.2969799
1.2904688
1.2841153
1.2779142
1.2718598
1.2659477
1.260173
1.2545314
1.2490183
1.2436296
1.2383615
1.2332101
1.2281713
1.2232425
1.2184193
1.2136991
1.2090788
1.2045547
1.2001249
1.1957859
1.1915352
1.1873704
1.1832888
1.1792881
1.1753659
1.1715202
1.1677487
1.1640493
1.1604201
1.156859
1.1533645
1.1499346
1.1465675
1.1432617
1.1400154
1.1368273
1.1336956
1.1306189
1.127596
1.1246254
1.1217057
1.1188359
1.1160146
1.1132405
1.1105125
1.1078296
1.1051906
1.1025944
1.1000402
1.0975269
1.0950533
1.092619
1.0902227
1.0878634
1.0855409
1.0832536
1.081001
1.0787828
1.0765975
1.0744448
1.0723239
1.0702341
1.0681747
1.0661452
1.0641447
1.0621728
1.0602288
1.0583122
1.0564224
1.0545588
1.052721
1.0509082
1.0491202
1.0473564
1.0456161
1.0438993
1.042205
1.0405332
1.0388834
1.037255
1.0356476
1.0340607
1.0324944
1.0309478
1.0294207
1.0279129
1.0264238
1.0249531
1.0235006
1.0220659
1.0206487
1.0192485
1.0178653
1.0164987
1.0151482
1.0138136
1.012495
1.0111917
1.0099036
