9.55364
9.199909
8.840837
8.477203
8.110211
7.741436
7.37278
7.0063925
6.644588
6.2897544
5.9442534
5.6103253
5.289997
4.9850054
4.6967373
4.426193
4.173975
3.9402878
3.7249777
3.5275686
3.347321
3.1832902
3.0343904
2.899447
2.777252
2.666603
2.5663378
2.475358
2.3926456
2.31727
2.248393
2.1852677
2.1272342
2.0737116
2.0241938
1.97824
1.935467
1.8955432
1.8581802
1.8231277
1.7901679
1.7591109
1.7297897
1.7020587
1.6757886
1.6508652
1.6271868
1.6046623
1.5832103
1.5627571
1.5432365
1.5245876
1.5067558
1.4896904
1.4733458
1.4576789
1.4426513
1.4282261
1.4143704
1.4010531
1.388245
1.3759197
1.3640519
1.3526183
1.3415974
1.3309684
1.3207122
1.3108107
1.3012471
1.2920057
1.2830714
1.2744303
1.2660689
1.257975
1.2501366
1.2425427
1.2351825
1.2280462
1.2211245
1.2144084
1.2078892
1.2015592
1.1954105
1.189436
1.1836288
1.1779824
1.1724905
1.1671472
1.161947
1.1568843
1.1519543
1.147152
1.1424725
1.1379117
1.1334653
1.1291292
1.1248994
1.1207722
1.1167448
1.1128128
1.1089734
1.1052235
1.1015602
1.0979807
1.0944822
1.0910618
1.0877175
1.0844467
1.0812469
1.078116
1.0750521
1.0720528
1.0691166
1.066241
1.0634248
1.0606657
1.0579625
1.0553132
1.0527164
1.0501708
1.0476745
1.0452267
1.0428255
1.0404698
1.0381585
1.0358901
1.0336639
1.0314783
1.0293324
1.0272253
1.0251558
1.0231229
1.0211258
1.0191635
1.0172352
1.0153399
1.0134768
1.0116452
1.0098444
1.0080733
1.0063317
1.0046184
1.0029331
1.0012748
0.99964315
0.99803734
0.99645686
0.9949012
0.9933695
0.99186146
0.9903767
0.9889142
0.98747396
0.98605525
0.98465776
0.9832808
0.98192394
0.98058707
0.97926944
0.9779707
0.9766906
0.9754286
0.97418433
0.9729575
0.97174764
0.9705546
0.9693778
0.96821725
0.9670723
0.96594274
0.9648283
0.9637286
0.9626436
0.9615725
0.96051574
0.9594725
0.9584426
0.9574262
0.95642257
0.9554315
0.9544531
0.95348686
0.9525326
0.9515903
0.9506594
0.9497398
0.9488316
0.94793427
0.9470477
0.9461717
0.9453062
0.9444508
0.94360554
0.9427701
0.94194436
0.94112825
0.9403215
0.9395239
0.93873537
0.9379559
